0 3
0 17
0 2
0 1
1 43
1 44
1 45
2 42
2 1
2 82
2 43
2 19
3 2
3 18
3 1
3 82
3 19
3 81
4 6
4 5
4 102
4 103
4 135
4 136
5 83
5 102
5 84
5 108
5 103
5 135
5 109
5 136
6 5
6 83
6 86
6 102
6 84
6 108
6 135
7 6
7 83
7 86
7 108
8 7
8 6
8 83
8 86
8 108
9 16
9 15
9 35
9 10
9 11
10 11
10 13
11 34
11 33
11 12
11 156
12 32
12 137
12 142
12 143
12 145
12 155
12 156
12 160
12 166
12 138
12 139
12 158
12 157
13 12
13 137
13 145
13 156
13 166
13 138
14 13
14 12
14 137
14 141
14 142
14 145
14 156
14 166
14 138
14 168
14 140
15 14
15 13
15 87
15 137
15 141
15 89
16 15
16 87
16 137
16 88
16 141
16 89
17 2
17 22
17 36
17 18
17 42
17 1
17 82
17 19
17 81
18 82
18 19
18 20
19 81
19 20
19 80
19 78
20 80
20 78
20 77
20 79
21 20
21 78
21 77
22 36
22 18
22 37
22 21
23 26
23 24
23 73
23 72
24 71
24 111
24 73
24 72
25 24
25 70
25 71
25 111
25 72
26 25
26 70
26 71
26 111
27 29
27 28
27 35
27 10
28 35
28 31
28 34
28 32
29 28
29 35
29 30
29 31
29 34
29 33
29 152
29 155
29 153
30 31
30 34
30 32
30 142
30 143
30 152
30 155
30 153
30 156
30 160
30 159
31 34
31 32
31 142
31 143
31 152
31 155
31 156
31 160
32 137
32 142
32 143
32 152
32 145
32 155
32 156
32 154
32 160
32 166
32 138
32 139
32 158
32 157
33 32
33 137
33 142
33 145
33 155
33 156
33 154
33 166
33 138
33 139
33 158
34 33
34 12
34 166
34 138
35 10
35 11
35 31
35 34
35 33
35 156
36 38
36 37
36 21
37 73
37 74
37 21
37 76
37 78
38 37
38 73
38 74
38 21
39 41
39 40
39 93
39 94
39 129
40 93
40 94
40 97
40 129
40 96
40 130
41 40
41 93
41 97
41 129
41 96
41 130
42 1
42 82
42 43
42 81
42 44
42 80
43 44
43 45
44 45
44 80
44 46
44 79
44 47
44 58
44 57
44 56
45 80
45 46
45 47
45 58
45 57
45 48
46 47
46 58
46 57
46 48
47 58
47 57
47 56
47 48
48 49
48 50
48 307
49 50
49 52
49 51
50 52
50 51
50 294
50 307
50 309
51 293
51 294
51 307
51 309
52 51
52 293
52 297
52 294
52 307
52 309
53 52
53 51
53 293
53 297
53 307
53 309
53 296
54 55
54 49
54 53
54 50
54 52
54 51
54 297
55 48
55 49
55 53
55 52
55 51
56 54
56 55
56 49
57 56
57 59
57 54
57 53
58 57
58 56
58 59
58 54
58 53
59 54
59 203
59 53
59 52
59 293
59 298
59 297
60 61
60 79
60 59
61 62
61 202
61 59
61 203
62 202
62 206
62 205
63 64
63 65
63 62
63 206
64 65
64 66
64 62
64 202
64 206
65 66
65 62
65 202
65 206
66 62
66 206
66 116
66 117
67 68
67 75
67 63
67 64
67 113
67 66
68 113
68 114
68 66
68 115
69 67
69 68
69 63
69 113
69 115
70 71
70 111
70 72
70 69
70 67
70 68
70 63
70 64
70 113
71 72
71 69
71 67
71 68
71 64
71 65
72 67
72 68
72 75
72 63
72 64
72 76
72 65
72 66
73 74
73 72
73 67
73 75
73 63
74 67
74 75
74 63
74 64
74 76
74 77
75 63
75 76
76 61
76 62
77 60
77 79
78 77
78 60
78 79
79 47
80 78
80 46
80 79
80 47
80 58
80 57
80 56
81 20
81 44
81 80
81 78
81 77
81 79
81 47
81 58
81 57
81 56
82 43
82 19
82 81
82 80
82 78
83 86
83 98
83 102
83 84
83 99
83 108
83 109
84 99
84 108
84 109
84 107
84 178
85 84
85 99
85 108
85 107
85 100
85 174
85 178
86 85
86 98
86 99
86 100
86 174
87 88
87 92
87 89
87 167
87 168
87 140
88 92
88 89
88 91
88 90
88 167
88 168
88 140
89 90
89 167
89 172
89 168
89 140
90 167
90 172
90 171
90 229
90 230
91 90
91 172
91 171
91 170
91 229
91 233
91 230
91 238
91 240
92 91
92 90
92 229
92 233
92 238
93 94
93 97
93 96
94 128
94 95
95 197
95 211
96 95
96 197
97 96
97 95
97 130
98 84
98 99
98 101
98 146
99 108
99 100
99 174
99 175
99 181
100 173
100 148
100 174
100 177
100 182
100 188
100 207
100 210
100 183
100 209
101 146
101 147
101 150
101 100
101 173
101 148
101 177
101 182
101 176
101 188
101 187
102 84
102 108
102 103
102 135
102 109
102 104
102 136
102 105
103 135
103 109
103 104
103 105
103 107
104 105
104 107
104 106
104 178
105 107
105 106
105 134
105 133
105 178
105 179
106 134
106 133
106 178
106 181
106 207
106 180
106 179
106 208
106 195
106 194
107 106
107 134
107 133
107 178
107 196
107 181
107 207
107 180
107 210
107 208
107 195
108 109
108 107
108 178
108 181
109 105
109 107
109 106
110 70
110 111
110 128
110 112
110 114
111 69
111 112
111 68
111 113
111 66
112 113
112 114
113 114
113 66
113 115
113 116
114 115
114 116
115 127
115 126
115 116
116 117
116 125
116 267
116 269
116 118
116 119
117 125
117 124
117 267
117 121
117 269
117 118
117 120
117 119
118 120
118 119
118 217
118 218
119 217
119 218
120 119
120 217
120 216
121 122
121 120
121 119
121 217
122 120
122 217
122 216
123 236
123 124
123 122
123 215
124 121
124 122
124 118
124 120
124 119
125 121
125 118
125 120
125 119
126 235
126 123
126 236
126 125
127 212
127 126
127 234
127 213
127 235
127 123
127 214
127 125
128 112
129 135
129 136
129 130
129 197
130 131
130 132
130 189
130 190
130 197
131 133
131 132
131 189
131 196
131 190
132 178
132 189
132 196
132 179
132 195
132 194
132 193
133 132
133 178
133 196
133 181
133 179
133 195
133 194
133 193
134 133
134 132
134 178
134 181
134 179
134 195
134 194
134 193
135 104
135 136
135 131
135 134
135 133
135 178
136 131
136 134
137 141
137 156
137 167
137 166
137 138
137 168
137 139
138 140
138 139
138 165
138 164
138 241
138 250
138 242
139 165
139 170
139 164
139 241
139 250
139 242
139 249
140 139
140 169
140 170
140 164
140 241
140 250
141 167
141 168
141 140
141 139
141 170
142 143
142 152
142 145
142 155
142 156
142 166
142 138
143 152
143 145
143 155
143 144
143 154
143 160
143 159
144 154
144 160
144 159
144 158
144 157
145 144
145 156
145 138
145 159
145 158
145 157
146 152
146 147
146 153
146 151
146 150
146 173
146 177
146 182
147 100
147 173
147 148
147 177
147 182
147 176
147 188
148 177
148 182
148 176
148 188
148 161
148 187
148 186
149 148
149 188
149 161
149 187
149 186
150 160
150 149
150 148
150 161
151 150
151 160
151 149
151 148
152 155
152 153
152 151
152 144
152 150
152 154
152 149
152 159
153 151
153 150
153 154
153 160
153 149
153 188
153 161
153 187
154 160
154 149
154 148
154 161
155 144
155 154
155 160
155 159
156 166
156 138
156 159
156 158
156 157
156 163
157 164
157 163
157 162
158 157
158 161
158 163
158 162
159 158
159 157
159 161
159 162
160 149
160 159
160 148
160 161
160 162
161 163
161 162
161 242
161 243
162 242
162 243
163 162
163 241
163 250
163 242
163 243
164 163
164 162
164 241
164 250
164 249
165 164
165 163
165 162
165 250
165 249
166 139
166 165
166 164
166 163
166 162
166 241
166 250
167 172
167 168
167 140
167 229
168 140
168 139
168 169
168 170
169 170
170 230
170 270
170 272
170 271
170 279
171 170
171 229
171 230
171 231
171 270
171 272
172 169
172 171
172 229
172 230
172 231
173 148
173 174
173 177
173 182
173 188
173 207
174 175
174 207
174 210
174 183
174 209
175 207
175 210
175 183
175 209
176 210
176 209
177 182
177 175
177 176
177 188
178 189
178 196
178 181
178 207
178 179
178 195
178 194
178 193
179 195
179 194
179 193
180 179
180 208
180 194
180 193
181 207
181 180
181 179
181 208
182 188
182 187
182 183
182 184
182 185
183 209
183 208
183 184
183 186
183 185
183 273
184 186
184 185
184 273
184 278
185 273
185 278
185 277
186 185
186 273
186 278
186 305
186 277
187 183
187 184
187 186
187 185
187 278
188 187
188 183
188 184
188 186
188 185
189 196
189 190
189 195
189 193
189 191
189 192
189 251
190 201
190 200
190 191
190 192
190 251
190 266
191 192
191 266
191 265
193 191
193 192
194 193
194 191
194 192
195 194
195 193
195 191
195 192
196 179
196 195
196 194
196 192
197 211
197 198
197 201
197 200
197 228
198 228
198 199
198 227
198 251
198 226
198 253
198 252
199 227
199 251
199 226
199 253
199 252
200 199
200 227
200 251
200 226
200 266
200 253
200 252
201 200
201 199
201 251
201 266
202 206
202 203
202 205
202 204
203 204
203 293
203 298
203 297
203 299
203 296
204 298
204 299
204 304
205 204
205 268
205 298
205 304
205 303
206 203
206 205
206 204
207 180
207 210
207 183
207 179
207 208
208 184
208 185
208 273
208 278
209 208
209 184
209 185
209 273
209 278
210 183
210 209
210 208
210 184
210 185
210 273
210 278
211 127
211 198
211 212
211 234
211 213
211 228
211 227
212 234
212 213
212 237
212 214
213 228
213 227
213 237
213 236
213 214
213 122
213 215
214 225
214 122
214 215
215 224
215 120
215 217
215 216
215 220
215 221
216 223
216 220
216 219
216 222
216 221
217 216
217 223
217 218
217 220
217 219
218 219
219 221
219 310
219 311
220 219
220 221
220 311
220 312
221 310
221 311
221 312
222 221
222 310
222 314
222 311
223 220
223 219
223 222
223 221
223 310
223 314
223 311
224 226
224 253
224 254
224 223
224 220
224 222
224 221
224 310
224 314
224 313
225 224
225 226
225 223
225 222
225 310
225 314
226 253
226 254
226 223
226 222
226 310
226 314
226 313
227 214
227 225
227 224
227 226
227 253
227 252
227 254
228 227
228 214
228 225
228 226
228 253
228 252
229 233
229 230
229 238
229 240
229 270
229 272
229 292
230 232
230 231
230 270
230 272
230 271
230 279
230 286
230 280
230 292
230 283
230 291
231 239
231 270
231 272
231 271
231 279
231 286
231 280
231 292
231 283
231 291
232 231
232 239
232 272
232 271
232 279
232 286
232 292
232 283
232 284
232 291
232 282
233 238
233 232
233 239
233 279
233 286
233 283
233 284
233 282
234 213
234 235
234 237
234 214
235 123
235 236
235 125
235 124
235 215
235 216
236 122
236 215
236 217
237 236
237 214
237 122
237 217
238 240
238 232
238 239
238 279
238 286
238 280
238 285
238 283
238 284
239 279
239 286
239 285
239 283
239 284
239 282
240 239
241 250
241 242
241 249
241 243
242 249
242 243
242 244
243 244
244 305
244 248
244 306
244 245
244 356
245 356
245 362
245 357
245 361
246 245
246 356
246 362
246 361
246 360
247 329
247 330
247 331
247 246
247 245
248 247
248 329
248 330
248 331
248 246
249 248
249 247
249 329
249 330
250 242
250 249
250 243
250 248
251 266
251 253
251 252
251 255
251 265
251 264
251 256
252 254
252 255
252 265
252 264
253 252
253 254
253 310
253 314
253 313
253 258
254 255
254 265
254 310
254 314
254 256
254 313
254 257
254 258
255 265
255 264
255 256
255 313
255 257
255 258
256 313
256 257
256 258
256 261
257 262
257 258
257 261
257 260
257 259
258 261
258 259
259 405
259 415
259 406
259 407
259 408
260 363
260 364
260 259
260 405
260 415
260 414
261 260
261 363
261 365
262 261
262 260
262 363
262 365
262 364
262 414
263 256
263 262
263 261
263 317
263 318
263 260
263 363
263 365
264 263
264 256
264 262
264 261
265 264
265 263
265 262
265 317
265 318
265 260
265 363
265 365
266 252
266 254
266 255
266 265
266 264
267 205
267 269
267 268
267 118
267 217
268 118
268 119
268 217
268 218
269 268
269 118
269 119
269 217
269 216
269 218
270 272
270 271
270 279
270 287
270 288
270 280
270 333
271 287
271 288
271 280
271 292
271 291
271 281
271 333
271 334
271 339
272 271
272 279
272 280
272 292
272 291
272 281
272 333
273 278
273 274
274 394
275 274
275 357
276 275
276 274
276 357
277 276
277 275
277 274
278 277
278 276
279 286
279 287
279 280
279 292
279 291
280 292
280 285
280 291
280 290
280 281
280 333
280 334
280 339
281 333
281 339
281 338
281 337
282 281
282 339
282 338
283 284
283 282
285 283
285 284
286 285
286 283
286 284
287 288
287 280
287 292
287 289
287 291
287 290
288 292
288 289
288 291
288 290
288 329
288 330
288 332
289 290
289 329
289 332
289 333
289 334
289 340
289 342
289 343
289 341
289 335
290 281
290 333
290 334
290 339
290 340
290 342
290 343
290 345
290 341
290 335
290 349
290 352
290 350
291 290
291 281
291 333
291 334
291 339
291 340
291 342
291 343
291 345
291 349
291 352
292 291
292 290
292 281
292 333
292 339
293 297
293 294
293 307
293 309
293 296
293 295
294 307
294 309
294 308
294 295
295 353
295 347
295 354
296 295
296 346
296 348
296 353
296 355
296 347
296 354
297 294
297 299
297 296
297 295
297 346
297 348
297 353
298 299
298 296
298 304
299 296
299 300
299 301
299 346
299 348
299 353
299 355
299 347
300 301
300 303
300 302
300 346
300 348
300 353
300 355
301 303
301 302
301 346
301 348
301 353
301 355
301 366
301 367
301 368
301 397
301 403
301 402
302 346
302 348
302 353
302 366
302 370
302 367
302 368
302 397
302 403
302 402
302 404
303 302
303 348
303 366
303 370
303 367
303 368
303 397
303 403
303 402
304 300
304 303
304 302
304 366
304 370
305 306
305 276
305 275
305 245
305 356
305 362
305 357
306 276
306 275
306 245
306 356
306 362
306 357
307 309
307 308
308 295
309 308
309 295
310 314
310 311
310 313
310 312
311 312
311 259
312 258
312 259
312 405
313 312
313 257
313 258
313 259
313 405
314 313
314 258
314 259
315 328
315 316
315 320
315 321
315 326
315 317
316 320
316 321
316 317
316 318
317 318
317 319
317 363
317 365
317 364
317 420
318 319
318 363
318 323
318 365
318 364
318 324
318 420
318 424
319 323
319 324
319 420
319 424
320 321
320 318
320 322
320 319
320 323
320 324
321 326
321 322
321 319
321 323
322 319
322 323
322 324
323 324
323 420
323 424
323 429
323 421
324 394
324 395
324 420
324 424
324 428
324 432
324 429
324 421
324 423
325 324
325 394
325 395
325 420
325 424
325 428
325 432
325 429
325 423
326 325
326 394
326 395
327 320
327 321
327 326
327 325
327 394
327 395
328 316
328 327
328 320
328 321
328 326
328 318
328 319
328 394
329 330
329 332
329 246
329 340
329 342
329 343
329 341
329 350
330 331
330 246
330 245
330 361
331 246
331 245
331 340
331 341
331 361
331 360
332 331
332 340
332 342
332 343
332 341
332 349
332 361
332 360
333 334
333 339
333 340
333 342
333 343
333 335
333 349
333 352
334 340
334 342
334 343
334 345
334 344
334 338
334 335
334 349
334 352
334 336
334 371
334 388
335 349
335 352
335 351
335 336
335 371
335 388
336 388
336 389
336 387
336 390
336 433
336 437
337 336
337 388
337 389
337 393
337 387
337 390
337 433
337 437
338 335
338 337
338 389
338 390
339 338
339 337
339 389
339 393
339 390
340 343
340 341
340 335
340 349
341 350
341 351
341 371
342 341
342 335
342 349
343 335
343 349
343 350
343 351
343 371
344 350
344 351
344 371
345 341
345 344
345 335
345 349
345 350
345 351
345 371
346 348
346 353
346 355
346 347
346 366
346 397
346 398
347 354
347 367
347 368
347 397
347 403
347 402
347 398
347 404
348 347
348 366
348 370
348 367
348 368
348 397
348 403
348 402
349 352
349 350
349 336
349 388
349 387
349 390
350 351
350 371
351 336
351 371
352 351
352 336
352 371
352 388
352 389
352 387
352 390
353 355
353 347
353 354
353 397
353 398
353 425
354 367
354 368
354 397
354 403
354 402
354 398
354 404
354 425
354 427
355 347
355 354
355 367
355 368
355 397
355 403
355 402
355 404
356 362
356 357
356 361
356 358
356 360
356 359
357 358
357 360
357 359
358 360
358 359
358 445
358 449
360 359
361 360
361 359
362 357
362 361
362 358
362 360
362 359
363 365
363 364
363 259
363 405
363 415
363 414
364 259
364 405
364 415
364 414
364 413
364 421
364 422
365 364
365 415
365 414
365 413
365 421
366 370
366 367
366 369
366 368
366 403
366 402
367 368
367 403
367 402
367 401
367 442
368 403
368 402
368 401
368 442
369 368
369 401
369 442
370 367
370 369
370 368
371 388
371 387
371 386
372 373
372 377
372 378
372 382
373 376
373 377
373 378
373 382
374 372
374 375
374 373
374 376
374 377
374 382
375 373
375 376
375 377
376 378
376 543
376 379
376 554
376 547
377 378
377 382
377 543
377 379
377 547
378 382
378 543
378 379
378 547
378 560
378 544
379 547
379 560
379 546
379 564
379 563
379 671
379 675
380 379
380 564
380 563
380 562
380 671
380 675
381 380
381 379
382 381
382 380
383 372
383 373
383 376
383 377
383 378
383 382
383 454
383 455
384 440
384 435
384 453
384 383
384 377
384 378
384 382
384 454
385 439
385 384
385 434
385 383
385 377
385 378
386 385
386 433
386 438
386 441
386 384
386 434
386 435
387 391
387 386
387 385
387 433
387 437
387 438
387 441
387 384
387 434
388 389
388 387
388 390
388 386
388 385
389 393
389 387
389 390
389 392
389 391
389 438
389 441
389 434
390 391
390 386
390 433
390 437
390 438
390 439
390 441
390 434
390 450
391 433
391 437
391 450
391 452
392 391
392 433
392 437
392 436
392 450
392 452
393 392
393 391
394 396
394 395
394 424
394 428
394 429
394 423
395 424
395 428
395 432
395 429
395 423
396 395
396 428
396 432
396 431
397 398
397 404
397 399
397 425
397 427
398 404
398 419
398 399
398 418
398 400
398 425
398 427
399 418
399 400
399 425
399 427
399 426
399 442
399 443
400 442
400 443
401 399
401 400
401 442
401 444
402 404
402 401
402 400
403 402
403 404
403 401
404 400
405 415
405 414
405 406
405 410
405 407
406 411
406 413
406 407
406 408
407 408
407 409
407 485
408 409
408 412
408 485
408 489
409 412
409 485
409 489
410 413
410 409
410 412
411 413
411 409
411 412
412 474
412 478
412 475
412 485
412 489
412 476
412 486
413 412
413 474
413 478
413 475
414 406
414 411
414 413
414 412
414 474
415 414
415 406
415 410
415 411
415 413
415 407
416 419
416 417
416 457
417 418
417 425
417 426
417 457
417 461
418 425
418 427
418 426
418 457
418 461
418 460
419 399
419 418
419 425
419 427
419 426
419 457
419 461
419 460
420 424
420 428
420 429
420 421
420 423
420 422
421 422
421 474
421 478
421 475
421 477
421 500
421 505
422 474
422 478
422 475
422 477
422 500
422 505
423 422
423 430
423 505
424 428
424 429
424 423
424 422
424 430
425 427
425 426
425 457
425 461
425 460
425 479
425 480
425 481
426 457
426 461
426 460
426 479
426 480
426 459
426 484
426 481
427 426
427 457
427 461
427 460
427 479
427 480
427 459
427 484
427 481
427 483
428 432
428 429
428 423
428 430
429 423
429 431
429 430
430 462
430 463
431 430
431 462
431 463
432 431
432 462
433 437
433 438
433 436
433 441
433 434
434 440
434 435
435 453
435 383
435 454
435 455
436 435
436 450
436 452
436 451
437 436
437 450
437 452
437 451
438 439
438 441
438 384
438 434
438 440
438 435
439 384
439 440
439 383
439 382
439 454
440 435
440 453
440 383
440 382
440 454
441 434
441 440
441 435
441 453
441 383
441 382
441 454
442 444
442 443
442 484
442 483
442 499
443 484
443 490
443 483
443 491
443 492
444 443
444 490
444 499
444 491
444 497
445 449
445 446
446 466
446 447
446 506
446 507
446 508
447 506
447 507
447 511
447 537
448 447
448 506
448 511
448 537
448 510
448 542
448 538
449 448
449 511
450 453
450 452
450 456
450 451
451 454
452 451
452 454
453 451
453 454
454 455
454 381
454 380
455 381
455 380
455 563
456 455
457 461
457 458
458 481
458 482
459 458
459 481
460 479
460 480
460 459
460 484
460 481
461 460
461 479
461 480
461 459
461 484
462 466
462 463
463 465
463 464
463 548
464 507
464 508
464 553
465 464
465 447
465 506
465 507
465 508
466 465
466 447
466 506
466 507
466 511
466 508
467 473
467 499
467 468
467 498
467 497
467 469
468 498
468 497
468 469
468 470
468 496
468 565
468 581
468 582
468 583
468 580
469 470
469 496
469 565
469 581
469 582
469 583
469 580
470 471
470 581
470 582
470 520
470 586
470 580
471 520
471 586
471 585
471 693
472 517
472 470
472 471
472 520
473 515
473 516
473 472
473 517
474 478
474 475
474 477
474 476
475 476
475 501
475 502
475 531
475 532
476 500
476 501
476 531
476 532
477 476
477 500
477 505
478 477
478 500
478 505
478 504
479 480
479 459
479 484
479 481
479 482
480 459
480 458
480 484
480 481
480 482
481 483
481 482
483 482
484 483
484 482
485 489
485 486
485 488
485 512
485 513
486 487
486 512
486 535
486 536
486 513
487 512
487 535
487 536
487 532
488 487
488 535
488 531
488 532
488 534
488 533
489 488
489 535
489 531
489 532
489 534
490 499
490 491
490 493
490 492
490 498
491 492
491 496
492 494
492 495
492 496
492 568
493 492
493 494
493 495
493 496
494 495
494 568
494 569
495 496
495 568
495 569
496 565
496 568
496 569
496 567
496 566
497 469
497 470
497 496
497 565
497 581
497 582
497 586
497 580
498 497
498 494
498 495
499 491
499 493
499 468
499 498
499 497
499 469
500 505
500 501
500 502
500 504
500 532
500 503
501 502
501 531
501 532
501 503
501 533
502 531
502 532
502 503
502 530
503 548
503 530
503 549
503 587
503 597
503 634
503 633
504 503
504 548
504 549
504 587
504 597
505 501
505 502
505 504
506 507
506 511
506 508
506 510
506 509
507 508
507 509
507 636
507 650
508 509
508 539
508 636
508 650
508 649
509 538
509 539
509 636
509 650
509 649
509 648
510 509
510 538
510 539
511 508
511 537
511 510
511 509
511 538
512 535
512 515
512 536
512 514
512 513
512 525
512 534
512 524
512 528
512 522
513 519
513 520
513 522
513 521
513 523
514 513
514 519
514 520
514 522
514 521
514 523
515 516
515 518
515 514
515 513
515 522
516 472
516 517
516 518
516 514
516 519
516 522
516 523
517 518
517 519
517 471
517 520
518 514
518 519
518 471
518 520
518 586
518 522
518 523
518 585
519 471
519 524
519 520
519 586
519 522
519 521
519 523
520 586
520 521
520 667
520 585
520 668
520 693
520 696
520 697
520 698
521 523
521 666
521 667
521 668
521 697
521 698
521 700
522 521
522 523
522 666
522 667
522 698
523 527
523 666
523 670
523 667
523 700
524 522
524 521
524 523
524 527
524 666
524 670
524 669
525 526
525 524
525 528
525 523
525 527
525 666
525 670
525 669
526 524
526 528
526 529
526 523
526 527
526 666
526 670
526 667
526 669
527 666
527 670
527 669
527 697
527 700
528 529
528 602
528 527
528 700
529 602
529 527
529 635
530 529
530 602
530 635
530 634
530 633
530 685
531 532
531 503
531 530
531 529
531 634
531 633
532 534
532 530
532 533
533 528
533 529
534 526
534 533
534 528
535 536
535 531
535 532
535 534
535 533
536 513
536 525
536 534
536 526
536 524
536 528
536 522
536 521
536 523
537 510
537 542
537 554
537 559
537 538
537 555
538 539
538 650
538 649
538 648
539 557
539 676
539 646
539 677
540 556
540 539
540 557
540 676
540 646
540 678
540 677
541 555
541 540
541 556
541 676
542 554
542 541
542 555
542 540
542 556
543 554
543 547
543 559
543 544
543 546
543 558
544 545
544 558
544 672
544 676
545 558
545 562
545 557
545 671
545 675
545 672
545 676
545 679
545 678
546 561
546 545
546 562
546 671
546 675
546 672
546 676
546 679
547 560
547 544
547 546
547 564
547 561
547 545
548 549
548 553
548 587
548 552
548 651
549 550
549 587
549 552
549 551
550 553
550 552
550 551
550 597
550 596
550 595
551 597
551 651
551 652
551 596
551 653
551 595
551 594
552 551
552 651
552 652
552 596
552 653
552 595
553 552
553 551
553 651
553 652
554 559
554 541
554 544
554 555
554 540
554 556
554 557
555 540
555 556
555 539
555 557
556 558
556 539
556 557
556 676
556 677
556 673
557 672
557 676
557 678
557 677
557 673
558 557
558 672
558 676
558 678
558 677
558 673
559 544
559 545
559 558
559 557
559 671
559 672
559 676
560 546
560 564
560 561
560 563
560 676
561 545
561 562
561 671
561 675
561 672
561 676
561 679
561 678
561 680
562 671
562 675
562 672
562 676
562 679
562 678
562 680
562 684
563 562
563 671
563 675
563 674
563 679
564 561
564 563
565 581
565 582
565 568
565 569
565 567
565 566
566 579
566 570
566 578
567 566
567 579
567 570
568 569
568 567
568 566
569 570
571 741
571 575
571 573
571 740
571 572
571 780
571 781
572 779
572 780
572 781
573 748
573 572
573 779
573 749
573 797
574 573
574 748
574 572
574 749
575 573
575 572
576 571
576 575
576 574
576 572
577 576
577 747
577 575
577 574
577 573
577 748
578 577
578 576
578 571
579 570
579 585
579 693
579 694
579 578
579 577
580 584
580 579
580 570
580 585
580 693
580 696
580 694
580 578
581 582
581 583
581 580
581 566
581 579
581 570
582 520
582 586
582 583
582 580
582 584
583 580
583 584
583 579
583 585
583 693
583 694
583 578
584 579
584 585
584 693
584 696
584 694
584 578
584 577
585 693
585 696
585 694
585 578
585 577
586 521
586 585
586 693
586 696
587 597
587 588
587 692
587 589
588 595
588 692
588 691
588 589
588 594
588 593
588 591
588 590
588 592
589 690
589 591
589 590
589 592
589 767
590 592
590 766
590 767
590 769
590 768
591 590
591 592
591 766
591 767
591 768
592 766
592 767
592 769
592 774
592 775
593 592
593 766
593 767
593 769
593 774
594 593
594 591
594 590
594 592
594 774
595 594
595 593
595 591
595 590
596 588
596 595
596 589
596 594
596 591
597 651
597 652
597 596
597 653
597 595
597 594
598 601
598 599
600 599
601 600
602 527
602 635
602 634
603 604
604 630
605 606
605 607
605 825
605 609
605 830
605 826
605 613
606 607
606 825
606 608
606 830
606 829
606 610
606 611
606 613
606 612
607 608
607 609
607 830
607 829
607 610
607 611
607 613
608 609
608 830
608 829
608 610
608 828
608 611
608 613
608 612
608 614
609 830
609 623
609 624
609 829
609 610
609 622
609 611
609 613
610 828
610 622
610 611
610 613
610 612
611 613
611 612
612 614
612 615
612 616
613 612
613 614
613 615
614 615
614 616
614 621
615 616
615 907
615 910
616 884
616 883
616 907
616 910
616 909
617 925
617 926
618 617
618 923
618 928
618 924
618 925
618 926
619 620
619 618
619 617
619 923
619 928
619 924
619 925
620 621
620 618
620 617
621 618
621 617
622 611
623 624
623 837
623 610
623 622
623 611
624 840
625 623
625 624
625 837
625 816
625 840
626 815
626 625
626 816
626 840
627 626
627 608
627 609
627 625
627 623
627 624
627 610
627 622
627 611
628 605
628 606
628 627
628 607
628 608
628 609
628 623
628 622
629 628
629 606
629 627
629 607
629 609
630 629
630 628
630 606
630 627
630 607
631 687
631 688
631 689
631 630
632 685
632 686
632 631
632 687
632 688
632 630
633 632
633 685
633 686
633 692
633 631
633 687
633 688
633 689
634 633
634 632
634 685
634 686
634 692
634 688
635 634
635 633
635 632
636 650
636 649
636 655
636 637
636 642
636 643
636 647
636 644
637 642
637 654
637 638
638 639
639 703
639 733
639 734
639 762
639 763
639 735
639 764
639 769
639 774
639 778
639 777
639 775
640 702
640 639
640 703
640 733
640 734
640 736
640 764
640 770
640 771
640 773
640 778
641 701
641 705
641 640
641 702
641 733
641 736
641 771
642 638
642 643
642 641
643 647
643 645
643 644
643 641
643 701
643 705
643 640
643 702
643 763
644 641
644 701
644 705
644 640
644 704
644 702
644 639
644 742
644 743
644 746
644 762
644 763
644 765
644 770
644 744
644 773
645 644
645 705
645 718
645 719
645 704
645 742
645 746
645 711
645 762
645 712
645 710
645 765
645 770
646 647
646 645
646 718
646 719
648 646
648 647
649 637
649 642
649 648
649 646
649 647
650 649
650 642
650 648
650 646
651 652
651 655
651 637
651 595
652 654
652 596
652 653
652 595
652 594
652 593
652 592
653 638
653 595
653 593
653 639
654 653
654 638
654 639
655 637
655 654
655 653
655 638
656 665
656 664
656 663
656 657
657 658
658 659
658 660
658 752
659 660
659 752
660 752
660 761
661 659
661 660
661 752
661 761
662 661
662 658
662 659
663 662
663 661
664 663
664 662
664 661
665 664
665 663
665 661
666 670
666 667
666 669
666 668
667 668
667 697
667 698
668 697
668 698
668 700
669 668
669 697
669 700
669 604
670 669
670 668
670 697
670 700
671 675
671 672
671 676
671 674
671 678
671 673
672 676
672 678
672 677
672 673
672 706
672 717
672 707
673 681
673 706
673 717
673 707
673 716
673 727
673 732
673 728
674 679
674 680
674 673
674 681
674 717
674 716
674 727
674 732
674 728
675 674
675 679
675 680
675 673
675 684
676 678
676 677
676 673
676 706
676 718
676 707
676 720
677 673
677 706
677 718
677 717
677 707
677 720
677 727
678 677
678 673
678 706
678 717
678 727
678 728
679 680
679 684
679 682
679 717
679 728
680 673
680 682
680 683
680 681
680 717
680 716
680 727
680 732
680 728
681 717
681 716
681 727
681 732
681 728
681 731
682 683
682 681
682 727
682 732
682 731
683 681
683 658
683 727
683 732
683 731
684 683
684 658
685 686
685 588
685 692
685 631
685 691
685 687
685 690
686 631
686 687
686 690
686 688
686 630
687 690
687 688
687 689
688 689
688 630
689 590
689 630
690 689
690 590
690 766
690 767
690 768
691 687
691 690
691 689
691 590
691 766
691 767
692 691
692 589
692 687
692 690
692 689
693 696
693 694
694 695
694 578
694 577
694 576
694 575
694 574
695 578
695 577
695 576
695 747
695 575
695 574
695 573
695 748
696 695
696 576
696 747
696 574
696 573
697 698
697 700
697 699
697 604
698 699
698 751
699 604
700 699
700 603
700 604
701 705
701 640
701 704
701 702
701 703
702 639
702 703
702 733
702 734
702 771
702 774
703 733
703 742
703 734
703 743
703 736
703 762
703 763
703 764
703 770
703 771
703 773
703 774
703 813
704 703
704 733
704 742
704 743
704 736
704 746
704 762
704 763
704 765
704 764
704 770
704 771
704 744
704 773
704 778
704 810
704 777
704 813
704 811
705 704
705 702
705 703
705 742
705 743
705 746
705 762
705 763
705 765
705 813
706 718
706 717
706 707
706 720
706 716
706 708
706 711
706 712
706 710
707 719
707 720
707 708
707 711
707 709
707 712
707 710
708 711
708 709
708 710
708 714
709 710
709 715
709 714
710 715
710 714
711 709
711 712
711 710
711 713
712 713
712 745
712 714
712 813
712 812
713 745
713 744
713 715
713 714
713 813
713 812
715 714
715 798
715 799
716 727
716 732
716 728
716 708
716 715
716 714
717 707
717 716
717 727
717 732
717 728
717 708
717 709
717 715
717 714
718 707
718 719
718 720
718 742
718 708
718 746
718 709
718 710
718 813
719 742
719 708
719 746
719 711
719 712
719 745
719 813
720 708
720 746
720 711
720 709
720 712
720 710
720 745
720 813
721 726
721 737
721 725
721 722
721 724
721 723
722 723
722 802
722 808
723 802
723 808
723 809
723 807
724 723
724 802
724 808
724 809
725 739
725 724
725 723
725 802
725 808
726 737
726 738
726 725
726 724
726 723
726 808
727 732
727 728
727 731
728 730
728 729
728 715
729 715
729 798
729 801
729 799
730 798
731 729
731 798
731 801
732 728
732 730
732 731
732 801
733 742
733 734
733 743
733 736
733 762
733 763
733 764
733 770
733 771
734 735
734 774
734 778
735 764
735 771
735 774
735 778
735 772
735 777
735 811
736 762
736 763
736 735
736 764
736 770
736 771
736 778
736 772
736 777
736 813
737 741
737 738
737 725
737 802
737 809
738 725
738 739
738 724
738 802
738 808
738 809
739 724
739 808
739 781
740 739
740 572
740 779
740 780
740 781
741 740
741 572
741 779
741 780
741 781
742 743
742 736
742 746
742 711
742 762
742 712
742 765
742 770
742 745
742 771
743 736
743 762
743 765
743 745
743 744
743 810
743 813
744 773
744 772
744 810
744 813
745 744
745 773
745 772
745 813
745 812
746 712
746 713
746 745
746 744
746 813
746 812
747 575
747 574
747 573
747 751
747 748
747 797
748 750
748 749
748 797
749 793
750 749
751 750
753 758
753 754
753 756
754 845
754 844
754 755
754 877
755 853
755 877
755 878
756 755
756 853
756 877
757 852
757 756
758 757
758 852
758 756
758 877
759 758
759 757
759 852
760 759
760 758
760 852
760 756
761 760
761 759
762 763
762 765
762 770
762 771
762 778
763 735
763 764
763 770
763 771
763 773
763 778
763 810
763 811
764 770
764 744
764 773
764 810
764 777
764 813
764 811
765 764
765 744
765 773
765 772
765 810
765 777
765 813
766 767
766 769
766 774
766 775
767 768
767 814
767 819
767 818
767 831
767 832
768 774
768 775
768 776
768 814
768 819
768 818
768 820
768 831
768 817
768 832
768 836
768 821
769 768
769 774
769 775
769 776
769 819
769 818
769 820
769 831
769 817
769 832
769 836
769 821
770 771
770 744
770 773
770 774
770 778
770 772
770 813
771 774
771 778
771 772
771 777
771 811
772 810
772 777
772 811
772 820
773 772
773 810
773 777
773 813
773 811
774 775
774 776
774 818
774 831
774 817
774 832
774 836
775 776
775 819
775 818
775 820
775 831
775 817
775 836
775 821
776 819
776 818
776 820
776 831
776 817
776 836
776 821
776 824
777 811
777 776
777 812
777 820
777 824
778 772
778 810
778 777
778 775
778 811
778 776
779 797
779 780
779 781
779 793
780 796
780 781
780 782
780 795
780 785
781 782
781 783
782 795
782 785
782 783
783 784
783 866
783 788
783 789
784 786
784 866
784 788
784 789
784 876
784 867
785 784
785 786
785 787
785 866
785 788
785 789
785 876
786 787
786 792
786 791
786 866
786 788
786 876
787 791
787 866
787 788
788 789
788 876
788 875
788 889
789 887
789 876
789 875
789 888
789 874
789 889
789 873
790 789
790 886
790 887
790 876
790 875
790 874
790 889
790 873
791 790
791 885
791 789
791 892
791 887
792 791
792 790
792 885
792 789
792 892
792 882
792 883
793 795
793 794
793 786
793 787
793 792
793 791
793 790
793 892
794 786
794 792
794 791
795 794
795 785
795 784
795 791
796 781
796 793
796 795
796 794
796 785
797 796
797 793
797 795
797 794
798 801
798 799
798 841
798 842
799 841
799 842
800 841
800 845
800 842
801 799
801 800
801 841
801 845
802 808
802 809
802 807
802 803
803 804
803 805
804 806
804 805
805 903
805 906
805 904
806 783
806 805
807 804
807 806
807 783
807 866
808 809
808 807
808 803
808 804
808 806
809 807
809 803
809 804
809 806
810 777
810 813
810 811
810 812
811 776
811 812
811 824
813 812
814 819
814 626
814 818
814 815
814 816
814 840
815 625
815 624
815 837
815 816
815 840
816 833
816 834
816 893
817 832
817 816
818 820
818 831
818 817
818 832
818 821
818 816
819 818
819 820
819 831
819 817
819 821
819 816
820 831
820 817
820 836
820 821
820 824
821 835
821 822
821 858
822 834
822 858
822 865
822 859
822 897
823 822
823 858
823 865
823 897
824 823
824 865
824 864
825 830
825 610
825 826
825 827
826 827
826 828
826 881
826 615
827 828
827 613
827 614
827 881
827 615
828 611
828 613
828 614
828 881
828 615
829 610
829 827
829 828
829 611
829 613
829 612
829 614
829 881
830 829
830 610
830 826
830 827
830 828
830 611
830 613
830 612
831 817
831 832
831 836
831 821
832 836
832 833
832 834
833 834
833 893
833 894
833 860
834 859
834 893
834 897
834 894
834 860
835 834
835 858
835 859
835 893
835 897
835 860
836 821
836 835
836 822
836 858
836 865
837 838
837 840
838 839
838 622
839 622
840 839
841 845
841 842
841 844
842 843
842 898
842 902
843 877
843 898
843 902
844 843
844 755
844 853
844 877
844 902
845 844
845 843
845 755
845 853
845 877
846 850
846 847
846 848
847 849
847 848
848 898
848 899
848 900
849 848
849 898
849 902
849 899
849 900
850 847
850 849
850 848
850 898
850 902
850 899
851 850
851 847
851 849
851 898
851 902
852 756
852 853
853 854
853 877
853 855
853 878
853 880
853 911
854 877
854 855
854 880
855 857
855 856
855 880
855 915
855 914
856 880
856 879
856 916
856 915
856 914
857 856
858 865
858 864
858 859
858 897
858 863
858 860
858 861
859 893
859 897
859 863
859 896
859 860
859 861
859 923
859 928
860 862
860 861
860 923
860 928
860 927
861 928
861 927
862 861
863 862
863 861
864 863
864 862
865 864
865 863
865 861
866 788
866 789
866 876
866 867
866 874
866 889
866 868
867 875
867 870
867 874
867 873
867 868
867 872
868 869
868 941
868 944
868 943
868 930
868 931
869 941
869 944
869 943
869 930
870 871
870 872
870 869
870 929
870 936
870 937
870 938
870 944
871 872
871 890
871 869
871 929
871 935
871 936
871 934
871 937
871 930
871 974
872 890
872 869
872 929
872 935
872 936
872 940
872 934
872 937
873 871
873 872
873 890
873 935
873 936
873 940
873 934
873 979
874 889
874 873
874 871
874 872
874 890
874 936
874 940
875 870
875 888
875 874
875 889
875 873
875 871
875 872
876 867
876 875
876 870
876 888
876 874
876 889
876 890
876 869
877 855
877 878
877 856
877 880
878 880
878 879
878 911
878 916
879 911
879 916
879 915
879 967
880 879
880 916
880 915
880 914
881 615
881 885
881 892
881 882
881 616
881 884
881 891
881 907
881 910
882 884
882 891
882 883
883 907
883 908
884 883
884 907
884 908
884 910
885 892
885 886
885 887
886 887
886 876
886 888
886 889
887 876
887 875
887 888
887 874
887 889
887 873
887 936
887 934
888 874
888 889
888 873
889 873
889 872
889 890
889 935
889 936
889 940
889 934
889 937
890 929
890 935
890 936
890 940
890 934
890 939
890 937
890 973
890 979
891 883
891 907
891 908
891 890
891 940
891 939
892 886
892 882
892 891
892 883
892 888
892 908
892 889
892 890
893 897
893 894
893 896
893 895
894 896
894 895
894 923
894 928
894 924
894 925
895 860
895 861
895 923
895 928
895 924
895 927
895 925
896 895
896 860
896 861
896 923
896 928
896 927
897 896
897 895
897 860
897 927
898 902
898 899
898 901
898 900
898 917
898 922
899 900
899 917
899 922
899 921
899 945
900 917
900 922
900 921
900 945
900 955
900 946
901 900
901 912
901 945
901 955
902 899
902 901
902 900
902 912
903 906
903 904
903 868
904 905
904 941
905 868
905 869
905 941
906 905
906 868
906 869
906 941
907 908
907 910
908 909
909 1011
910 909
911 916
911 912
911 913
911 955
912 913
912 914
912 945
912 955
913 955
913 967
913 968
913 969
914 955
914 967
914 968
914 969
915 913
915 914
915 967
915 968
916 912
916 915
916 914
916 967
917 922
917 919
917 918
917 946
917 956
917 959
919 918
919 920
919 960
919 966
920 960
920 966
920 957
920 965
920 1004
920 1010
920 1005
921 920
921 946
921 956
921 966
921 957
921 965
921 959
921 1004
922 921
922 945
922 946
922 956
922 957
922 959
923 928
923 924
923 925
924 925
924 926
925 985
925 989
925 987
925 1016
925 1018
926 985
926 989
926 987
926 986
926 1018
926 988
927 926
927 985
927 996
927 989
927 987
927 986
928 924
928 927
928 926
928 985
929 935
929 936
929 940
929 944
929 943
929 930
929 931
930 942
930 931
930 932
931 932
931 976
932 975
932 976
933 932
933 975
933 976
934 937
934 938
934 933
934 973
934 974
934 932
934 975
935 936
935 940
935 934
935 937
935 938
935 933
935 974
935 975
936 940
936 934
936 939
936 937
937 938
937 933
937 973
937 974
937 932
937 975
938 933
938 973
938 979
938 974
938 932
938 975
939 938
939 973
939 979
939 1012
940 939
940 938
940 973
940 979
940 978
941 944
941 930
941 942
942 931
942 932
943 930
943 942
943 931
944 943
944 930
944 931
945 955
945 946
945 956
945 947
945 948
946 956
946 959
946 947
946 948
947 1010
947 948
947 1009
947 1008
947 1007
948 1008
948 1007
948 949
949 954
949 950
949 951
949 1116
949 1128
949 1117
949 1126
950 951
950 1116
950 952
950 1128
950 1127
950 1126
950 1125
950 1133
951 953
951 952
951 1128
951 1127
951 1126
952 1128
952 1127
952 1126
952 1125
952 1133
952 1154
952 1134
953 952
953 1126
953 1125
953 1133
953 1154
953 1134
954 950
954 951
954 953
955 946
956 957
956 1004
956 1010
956 1005
956 1008
957 958
957 1004
957 1010
957 948
957 1005
957 1009
957 1008
957 1007
958 947
958 1010
958 948
958 1009
958 1008
958 1007
959 958
959 947
959 1010
959 948
959 1008
959 1007
960 966
960 965
960 961
960 964
960 963
961 980
961 984
961 962
961 983
961 964
961 982
961 1001
961 1000
962 983
962 964
962 963
962 982
962 1001
962 1000
962 1032
962 1033
963 1005
963 1032
963 1006
963 1034
963 1033
964 963
964 1005
964 1032
964 1006
964 1034
964 1033
965 962
965 964
965 963
965 1004
965 1005
965 1032
965 1006
965 1034
966 965
966 962
966 964
966 963
966 1004
966 1010
966 1005
966 1032
966 1034
967 972
967 968
967 971
967 969
967 970
968 969
968 970
968 1019
968 1020
969 1019
969 1020
970 1019
970 1022
971 969
971 970
971 1019
971 1022
972 971
972 970
972 1022
973 979
973 974
973 932
973 975
973 978
973 977
974 975
974 976
974 978
974 977
975 976
975 977
976 977
977 1012
977 1013
977 1036
977 1053
977 1060
978 977
978 1012
978 1013
978 1036
978 1053
978 1037
978 1060
979 974
979 975
979 976
979 1011
979 978
979 977
979 1012
980 984
980 962
980 981
980 983
980 997
980 1003
981 997
981 1003
981 982
981 1002
981 1001
982 1002
982 1001
982 1000
983 963
983 982
983 1001
983 1000
984 962
984 981
984 983
984 963
985 996
985 987
985 986
985 994
985 995
986 994
986 995
986 988
986 993
987 986
987 994
987 988
988 992
988 993
989 1016
989 1018
989 988
989 992
989 990
990 991
990 1089
990 1088
990 1087
990 1084
990 1085
990 1083
991 1089
991 1088
991 1087
991 1041
991 1084
991 1085
991 1083
991 1082
992 993
992 991
992 1040
992 1026
992 1027
993 1040
993 1024
993 1025
993 1026
993 1027
994 1023
994 993
994 1040
994 1024
994 1025
994 1026
995 1023
995 993
995 1031
995 1040
995 1024
995 1025
995 1026
995 1090
996 986
996 994
996 995
996 988
996 1023
996 1031
997 1003
997 998
997 1002
997 1023
997 999
997 1031
998 995
998 1023
998 999
998 1031
998 1030
999 1090
999 1104
999 1102
999 1111
1000 999
1000 1104
1000 1102
1000 1111
1001 1000
1001 999
1002 1001
1002 1000
1002 999
1003 998
1003 982
1003 1002
1003 1001
1004 1010
1004 1005
1004 1006
1005 1009
1005 1032
1005 1006
1005 1034
1005 1061
1005 1062
1006 1034
1006 1033
1006 949
1006 1061
1006 1064
1006 1105
1006 1109
1006 1108
1006 1106
1006 1115
1006 1116
1006 1114
1006 1128
1006 1117
1007 1006
1007 949
1007 1105
1007 950
1007 1109
1007 1108
1007 1116
1008 1007
1008 1006
1008 949
1009 1008
1009 1007
1009 1006
1010 1009
1010 1008
1010 949
1011 1015
1011 978
1011 1012
1011 1013
1012 1013
1012 1053
1012 1054
1013 1036
1013 1053
1013 1037
1013 1060
1013 1059
1013 1054
1014 1013
1014 1035
1014 1039
1014 1036
1014 1053
1014 1037
1014 1060
1014 1059
1015 1014
1015 1013
1015 1035
1015 1039
1015 1036
1015 1060
1016 1018
1016 1017
1017 990
1018 1017
1019 1020
1019 1022
1020 1021
1021 1129
1022 1021
1022 1129
1023 993
1023 1031
1023 1040
1023 1024
1023 1025
1023 1026
1023 1102
1024 1030
1024 1025
1024 1026
1025 1026
1025 1029
1025 1028
1025 1027
1026 1027
1026 1094
1026 1095
1026 1096
1027 1094
1027 1095
1027 1052
1027 1096
1028 1027
1028 1092
1028 1094
1028 1093
1028 1052
1028 1096
1029 1090
1029 1091
1029 1028
1029 1092
1029 1094
1029 1093
1030 1029
1030 1090
1030 1091
1030 1102
1030 1028
1030 1092
1030 1094
1030 1093
1030 1052
1031 1030
1031 1090
1031 1104
1031 1091
1031 1102
1032 1006
1032 1034
1032 1033
1032 1061
1032 1062
1032 1106
1032 1110
1032 1111
1033 1061
1033 1062
1033 1064
1033 1105
1033 1109
1033 1106
1033 1110
1033 1111
1033 1117
1034 1033
1034 1061
1034 1064
1034 1105
1034 1109
1034 1106
1034 1110
1034 1116
1034 1107
1034 1117
1035 1039
1035 1036
1035 1038
1035 1053
1036 1053
1036 1037
1036 1060
1036 1059
1037 1060
1037 1059
1037 1058
1037 1067
1037 1057
1037 1056
1037 1068
1038 1037
1038 1059
1038 1058
1038 1067
1038 1057
1038 1056
1039 1036
1039 1038
1039 1067
1040 1024
1040 1025
1040 1026
1040 1044
1040 1043
1040 1049
1040 1050
1040 1041
1040 1094
1040 1052
1041 1042
1041 1084
1041 1046
1041 1083
1041 1082
1041 1047
1042 1046
1042 1083
1042 1082
1042 1047
1042 1080
1043 1045
1043 1042
1043 1046
1044 1043
1044 1049
1044 1045
1044 1050
1044 1042
1045 1046
1046 1048
1046 1047
1047 1159
1047 1160
1047 1161
1048 1051
1048 1047
1048 1159
1048 1160
1048 1161
1049 1045
1049 1050
1049 1048
1049 1051
1050 1048
1050 1051
1051 1047
1051 1096
1051 1097
1051 1159
1051 1160
1051 1161
1052 1051
1052 1096
1052 1097
1052 1159
1052 1161
1053 1060
1053 1059
1053 1054
1053 1058
1054 1058
1054 1057
1054 1055
1055 1071
1055 1072
1055 1162
1055 1163
1055 1164
1055 1073
1056 1055
1056 1070
1056 1071
1056 1072
1056 1162
1056 1164
1057 1056
1057 1070
1057 1071
1057 1072
1058 1057
1058 1056
1058 1070
1058 1071
1059 1058
1059 1057
1059 1056
1059 1068
1059 1069
1059 1070
1060 1059
1060 1054
1060 1058
1060 1068
1060 1069
1060 1070
1061 1062
1061 1064
1061 1105
1061 1109
1061 1110
1061 1111
1062 1063
1062 1110
1062 1115
1062 1111
1062 1107
1062 1143
1063 1106
1063 1110
1063 1115
1063 1111
1063 1114
1063 1107
1064 1063
1064 1105
1064 1109
1064 1106
1064 1115
1064 1114
1064 1107
1065 1066
1065 1089
1065 1088
1065 1067
1065 1086
1065 1068
1065 1081
1065 1076
1066 1089
1066 1088
1066 1067
1066 1087
1066 1086
1066 1085
1066 1068
1066 1081
1066 1076
1067 1086
1067 1068
1067 1069
1067 1070
1067 1076
1067 1071
1068 1069
1068 1070
1068 1076
1068 1072
1069 1070
1069 1071
1069 1072
1069 1075
1069 1074
1070 1071
1070 1072
1070 1075
1070 1074
1071 1072
1071 1075
1071 1162
1071 1164
1071 1073
1072 1075
1072 1164
1072 1073
1075 1074
1076 1077
1079 1078
1080 1079
1080 1077
1081 1076
1081 1080
1081 1079
1082 1081
1082 1076
1082 1080
1082 1079
1082 1078
1083 1082
1083 1081
1083 1076
1083 1080
1083 1079
1083 1078
1084 1085
1084 1083
1084 1082
1084 1081
1084 1076
1085 1083
1085 1082
1085 1081
1085 1076
1085 1080
1086 1085
1086 1068
1086 1081
1086 1076
1087 1086
1087 1041
1087 1042
1087 1084
1087 1085
1088 1087
1088 1086
1088 1041
1088 1042
1088 1084
1088 1083
1089 1088
1089 1067
1089 1087
1089 1086
1089 1068
1089 1076
1090 1104
1090 1091
1090 1102
1090 1028
1090 1094
1090 1052
1091 1028
1091 1027
1091 1092
1091 1094
1091 1093
1091 1052
1092 1094
1092 1093
1092 1101
1092 1096
1092 1097
1093 1101
1093 1095
1093 1096
1093 1097
1093 1100
1093 1099
1093 1098
1094 1095
1094 1052
1094 1096
1094 1159
1095 1052
1095 1096
1095 1097
1095 1098
1095 1159
1095 1160
1095 1161
1096 1097
1096 1098
1096 1159
1096 1160
1096 1161
1097 1098
1097 1159
1097 1161
1099 1098
1100 1099
1100 1098
1101 1095
1101 1096
1101 1097
1101 1100
1101 1099
1102 1103
1102 1101
1102 1147
1103 1092
1103 1093
1103 1101
1103 1095
1103 1096
1103 1097
1104 1102
1104 1103
1105 1109
1105 1108
1105 1106
1105 1110
1105 1115
1106 1110
1106 1115
1106 1114
1106 1107
1106 1149
1107 1113
1107 1119
1107 1143
1107 1147
1107 1146
1107 1144
1107 1149
1107 1151
1108 1116
1108 1128
1108 1107
1108 1117
1108 1118
1108 1119
1108 1143
1108 1146
1108 1145
1108 1120
1108 1150
1109 1108
1109 1106
1109 1116
1109 1128
1109 1117
1109 1118
1109 1119
1109 1146
1109 1145
1110 1115
1110 1111
1110 1114
1110 1112
1111 1112
1111 1113
1111 1147
1111 1100
1111 1099
1112 1113
1112 1147
1112 1149
1112 1100
1112 1099
1112 1156
1113 1143
1113 1147
1113 1144
1113 1149
1113 1100
1113 1099
1113 1155
1113 1156
1114 1107
1114 1113
1114 1143
1114 1147
1114 1146
1114 1144
1114 1149
1114 1155
1115 1111
1115 1114
1115 1107
1115 1113
1115 1143
1115 1146
1115 1144
1116 1128
1116 1117
1116 1118
1116 1127
1116 1122
1116 1146
1116 1145
1116 1155
1117 1118
1117 1119
1117 1122
1117 1143
1117 1146
1117 1145
1117 1155
1117 1151
1118 1127
1118 1119
1118 1125
1118 1122
1118 1143
1118 1146
1118 1145
1118 1120
1118 1155
1119 1143
1119 1146
1119 1145
1119 1120
1119 1121
1119 1150
1119 1155
1119 1151
1119 1158
1120 1150
1120 1155
1120 1151
1120 1158
1121 1150
1121 1154
1121 1155
1121 1158
1122 1123
1122 1120
1122 1121
1123 1121
1123 1150
1123 1154
1123 1153
1124 1121
1124 1154
1124 1153
1125 1122
1125 1124
1125 1154
1125 1153
1126 1125
1126 1122
1126 1124
1127 1119
1127 1125
1127 1122
1127 1123
1127 1124
1128 1117
1128 1127
1128 1126
1128 1122
1128 1121
1129 1130
1129 1131
1129 1132
1129 1142
1130 1131
1130 1132
1130 1142
1130 1141
1131 1142
1131 1141
1132 1133
1132 1142
1132 1136
1132 1137
1132 1134
1132 1141
1133 1142
1133 1134
1134 1135
1134 1140
1135 1139
1135 1140
1136 1137
1136 1135
1136 1139
1136 1138
1137 1138
1139 1138
1139 1140
1141 1140
1142 1137
1142 1141
1143 1146
1143 1144
1143 1149
1143 1120
1143 1150
1144 1149
1144 1145
1144 1155
1144 1151
1144 1156
1144 1152
1145 1120
1145 1121
1145 1150
1145 1155
1145 1151
1145 1156
1145 1158
1145 1152
1146 1144
1146 1145
1146 1120
1146 1150
1146 1155
1146 1151
1146 1158
1146 1152
1147 1149
1147 1148
1147 1100
1147 1099
1148 1100
1148 1099
1148 1098
1149 1148
1149 1099
1149 1156
1149 1157
1150 1154
1150 1155
1150 1151
1150 1158
1150 1152
1150 1153
1151 1158
1151 1152
1154 1152
1154 1153
1155 1151
1155 1156
1155 1158
1155 1152
1156 1157
1159 1160
1159 1161
1162 1163
1162 1164
1162 1073
