0 3
0 4
0 2
0 1
1 20
1 21
1 22
2 1
2 19
2 6
2 7
3 2
3 5
3 1
3 19
3 6
3 7
3 54
4 2
4 10
4 15
4 16
4 5
4 1
4 19
4 6
4 7
4 54
5 19
5 6
5 7
5 54
5 8
6 7
6 9
6 54
6 8
6 53
7 9
7 54
7 8
7 53
7 51
8 53
8 51
8 50
8 52
9 8
9 51
9 50
10 15
10 16
10 5
10 17
10 9
10 8
11 14
11 12
11 46
11 45
12 43
12 44
12 56
12 46
12 45
13 12
13 43
13 44
13 56
13 45
14 13
14 43
14 44
14 56
15 16
15 18
15 46
16 17
16 9
17 46
17 47
17 9
17 49
17 51
18 17
18 46
18 47
18 9
19 20
19 6
19 7
19 54
19 53
19 51
20 21
20 22
21 22
21 53
21 23
21 52
21 24
21 30
21 28
21 29
21 27
22 53
22 23
22 24
22 30
22 28
22 29
22 25
23 24
23 30
23 28
23 29
23 25
24 30
24 28
24 29
24 25
25 74
26 74
27 73
27 26
27 74
28 27
28 73
28 26
28 74
29 31
29 27
29 73
29 26
29 75
29 74
30 28
30 29
30 31
30 73
30 26
30 75
31 75
31 67
32 33
32 52
32 31
32 75
33 34
33 66
33 31
33 67
34 66
34 69
34 68
35 39
35 33
35 34
35 66
35 69
35 68
36 37
36 38
36 35
36 34
36 68
37 38
37 35
37 39
37 66
37 69
37 68
38 35
38 39
38 34
38 66
38 69
38 68
39 34
39 69
39 68
39 61
40 41
40 48
40 36
40 37
40 58
40 39
41 58
41 59
41 39
41 60
41 61
42 41
42 58
42 60
43 44
43 56
43 45
43 42
43 40
43 41
43 36
43 37
43 58
44 45
44 42
44 40
44 41
44 37
44 38
45 40
45 41
45 48
45 36
45 37
45 49
45 38
45 39
46 47
46 45
46 40
46 48
46 36
46 50
47 40
47 48
47 36
47 37
47 49
47 50
48 36
48 49
49 35
49 33
49 34
50 32
50 52
51 50
51 32
51 52
51 73
52 24
53 51
53 23
53 52
53 24
53 30
53 28
53 29
53 27
54 8
54 21
54 53
54 51
54 50
54 52
54 24
54 28
54 29
54 27
55 43
55 65
55 56
55 57
55 59
55 60
56 42
56 57
56 41
56 58
56 39
57 58
57 59
58 59
58 39
58 60
58 61
59 60
59 61
60 64
60 63
60 61
63 62
63 71
64 63
64 70
64 62
64 71
65 57
65 59
66 69
66 67
66 68
69 68
70 62
70 71
70 72
73 26
73 75
73 74
75 74
